 ==================================================================
              SRIM version ---> SRIM-2013.00
              Calc. date   ---> Febreiro 03, 2024 
 ==================================================================

 Disk File Name = SRIM Outputs\Lithium_in_900mb_butane.txt

 Ion = Lithium [3] , Mass = 11,0438 amu

 Target Density =  2,4280E-04 g/cm3 = 3,6002E+19 atoms/cm3
 Target is a GAS 
 ======= Target  Composition ========
    Atom   Atom   Atomic    Mass     
    Name   Numb   Percent   Percent  
    ----   ----   -------   -------  
      H      1    019,23    010,45   
      C      6    007,69    049,82   
      H      1    073,08    039,73   
 ====================================
 Bragg Correction = -0,91%
 Stopping Units =  MeV / mm       
 See bottom of Table for other Stopping units 

        Ion        dE/dx      dE/dx     Projected  Longitudinal   Lateral
       Energy      Elec.      Nuclear     Range     Straggling   Straggling
  --------------  ---------- ---------- ----------  ----------  ----------
  10,00 keV   4,790E-03  5,089E-03  818,88 um   187,30 um   149,75 um  
  11,00 keV   5,024E-03  4,835E-03  911,03 um   203,56 um   165,22 um  
  12,00 keV   5,247E-03  4,608E-03    1,00 mm   219,28 um   180,56 um  
  13,00 keV   5,462E-03  4,406E-03    1,10 mm   234,49 um   195,76 um  
  14,00 keV   5,668E-03  4,223E-03    1,19 mm   249,20 um   210,78 um  
  15,00 keV   5,867E-03  4,057E-03    1,28 mm   263,42 um   225,60 um  
  16,00 keV   6,059E-03  3,906E-03    1,37 mm   277,18 um   240,22 um  
  17,00 keV   6,246E-03  3,768E-03    1,47 mm   290,50 um   254,62 um  
  18,00 keV   6,427E-03  3,640E-03    1,56 mm   303,39 um   268,80 um  
  20,00 keV   6,774E-03  3,413E-03    1,74 mm   328,35 um   296,51 um  
  22,50 keV   7,188E-03  3,172E-03    1,97 mm   357,62 um   329,85 um  
  25,00 keV   7,595E-03  2,966E-03    2,19 mm   384,65 um   361,76 um  
  27,50 keV   7,988E-03  2,790E-03    2,41 mm   409,65 um   392,26 um  
  30,00 keV   8,368E-03  2,635E-03    2,63 mm   432,85 um   421,38 um  
  32,50 keV   8,737E-03  2,499E-03    2,84 mm   454,43 um   449,20 um  
  35,00 keV   9,096E-03  2,378E-03    3,05 mm   474,54 um   475,78 um  
  37,50 keV   9,447E-03  2,270E-03    3,26 mm   493,34 um   501,18 um  
  40,00 keV   9,790E-03  2,173E-03    3,46 mm   510,94 um   525,47 um  
  45,00 keV   1,046E-02  2,003E-03    3,85 mm   544,20 um   571,00 um  
  50,00 keV   1,110E-02  1,862E-03    4,23 mm   573,64 um   612,82 um  
  55,00 keV   1,173E-02  1,741E-03    4,59 mm   599,89 um   651,35 um  
  60,00 keV   1,233E-02  1,636E-03    4,94 mm   623,43 um   686,96 um  
  65,00 keV   1,293E-02  1,545E-03    5,28 mm   644,68 um   719,98 um  
  70,00 keV   1,351E-02  1,464E-03    5,61 mm   663,95 um   750,67 um  
  80,00 keV   1,465E-02  1,328E-03    6,24 mm   700,19 um   806,01 um  
  90,00 keV   1,575E-02  1,217E-03    6,83 mm   730,68 um   854,57 um  
 100,00 keV   1,681E-02  1,126E-03    7,39 mm   756,71 um   897,55 um  
 110,00 keV   1,785E-02  1,048E-03    7,92 mm   779,21 um   935,89 um  
 120,00 keV   1,887E-02  9,811E-04    8,43 mm   798,87 um   970,33 um  
 130,00 keV   1,986E-02  9,231E-04    8,91 mm   816,20 um     1,00 mm  
 140,00 keV   2,083E-02  8,722E-04    9,38 mm   831,59 um     1,03 mm  
 150,00 keV   2,179E-02  8,272E-04    9,82 mm   845,37 um     1,06 mm  
 160,00 keV   2,272E-02  7,870E-04   10,25 mm   857,77 um     1,08 mm  
 170,00 keV   2,364E-02  7,509E-04   10,66 mm   869,00 um     1,10 mm  
 180,00 keV   2,455E-02  7,182E-04   11,06 mm   879,22 um     1,12 mm  
 200,00 keV   2,633E-02  6,614E-04   11,82 mm   900,24 um     1,16 mm  
 225,00 keV   2,850E-02  6,029E-04   12,70 mm   923,76 um     1,20 mm  
 250,00 keV   3,065E-02  5,547E-04   13,52 mm   943,29 um     1,23 mm  
 275,00 keV   3,276E-02  5,141E-04   14,29 mm   959,78 um     1,26 mm  
 300,00 keV   3,486E-02  4,796E-04   15,01 mm   973,88 um     1,28 mm  
 325,00 keV   3,695E-02  4,498E-04   15,70 mm   986,07 um     1,30 mm  
 350,00 keV   3,901E-02  4,237E-04   16,34 mm   996,72 um     1,32 mm  
 375,00 keV   4,104E-02  4,007E-04   16,96 mm     1,01 mm     1,34 mm  
 400,00 keV   4,305E-02  3,803E-04   17,54 mm     1,01 mm     1,36 mm  
 450,00 keV   4,698E-02  3,455E-04   18,64 mm     1,03 mm     1,38 mm  
 500,00 keV   5,074E-02  3,170E-04   19,65 mm     1,05 mm     1,41 mm  
 550,00 keV   5,433E-02  2,931E-04   20,60 mm     1,06 mm     1,43 mm  
 600,00 keV   5,773E-02  2,729E-04   21,48 mm     1,08 mm     1,44 mm  
 650,00 keV   6,092E-02  2,554E-04   22,32 mm     1,09 mm     1,46 mm  
 700,00 keV   6,390E-02  2,402E-04   23,11 mm     1,10 mm     1,47 mm  
 800,00 keV   6,921E-02  2,149E-04   24,61 mm     1,12 mm     1,49 mm  
 900,00 keV   7,367E-02  1,948E-04   26,00 mm     1,14 mm     1,51 mm  
   1,00 MeV   7,736E-02  1,783E-04   27,32 mm     1,16 mm     1,52 mm  
   1,10 MeV   8,035E-02  1,646E-04   28,58 mm     1,18 mm     1,54 mm  
   1,20 MeV   8,274E-02  1,529E-04   29,81 mm     1,19 mm     1,55 mm  
   1,30 MeV   8,463E-02  1,429E-04   31,00 mm     1,21 mm     1,56 mm  
   1,40 MeV   8,608E-02  1,342E-04   32,16 mm     1,22 mm     1,57 mm  
   1,50 MeV   8,718E-02  1,266E-04   33,32 mm     1,23 mm     1,58 mm  
   1,60 MeV   8,798E-02  1,198E-04   34,46 mm     1,25 mm     1,58 mm  
   1,70 MeV   8,853E-02  1,138E-04   35,59 mm     1,26 mm     1,59 mm  
   1,80 MeV   8,887E-02  1,084E-04   36,71 mm     1,27 mm     1,60 mm  
   2,00 MeV   8,904E-02  9,906E-05   38,96 mm     1,31 mm     1,61 mm  
   2,25 MeV   8,856E-02  8,954E-05   41,77 mm     1,37 mm     1,63 mm  
   2,50 MeV   8,754E-02  8,179E-05   44,60 mm     1,43 mm     1,64 mm  
   2,75 MeV   8,618E-02  7,534E-05   47,48 mm     1,49 mm     1,66 mm  
   3,00 MeV   8,459E-02  6,989E-05   50,40 mm     1,55 mm     1,67 mm  
   3,25 MeV   8,287E-02  6,521E-05   53,39 mm     1,61 mm     1,68 mm  
   3,50 MeV   8,107E-02  6,116E-05   56,43 mm     1,67 mm     1,69 mm  
   3,75 MeV   7,923E-02  5,760E-05   59,55 mm     1,73 mm     1,71 mm  
   4,00 MeV   7,740E-02  5,446E-05   62,74 mm     1,79 mm     1,72 mm  
   4,50 MeV   7,380E-02  4,915E-05   69,35 mm     2,02 mm     1,74 mm  
   5,00 MeV   7,037E-02  4,484E-05   76,29 mm     2,25 mm     1,77 mm  
   5,50 MeV   6,717E-02  4,125E-05   83,56 mm     2,48 mm     1,79 mm  
   6,00 MeV   6,419E-02  3,823E-05   91,17 mm     2,71 mm     1,82 mm  
   6,50 MeV   6,144E-02  3,564E-05   99,13 mm     2,93 mm     1,85 mm  
   7,00 MeV   5,890E-02  3,339E-05  107,43 mm     3,16 mm     1,88 mm  
   8,00 MeV   5,438E-02  2,969E-05  125,10 mm     4,04 mm     1,94 mm  
   9,00 MeV   5,051E-02  2,676E-05  144,18 mm     4,86 mm     2,01 mm  
  10,00 MeV   4,717E-02  2,439E-05  164,66 mm     5,67 mm     2,08 mm  
  11,00 MeV   4,426E-02  2,242E-05  186,54 mm     6,46 mm     2,16 mm  
  12,00 MeV   4,170E-02  2,075E-05  209,82 mm     7,26 mm     2,25 mm  
  13,00 MeV   3,944E-02  1,933E-05  234,47 mm     8,06 mm     2,35 mm  
  14,00 MeV   3,742E-02  1,810E-05  260,49 mm     8,87 mm     2,46 mm  
  15,00 MeV   3,562E-02  1,702E-05  287,88 mm     9,68 mm     2,57 mm  
  16,00 MeV   3,399E-02  1,607E-05  316,61 mm    10,51 mm     2,69 mm  
  17,00 MeV   3,251E-02  1,523E-05  346,69 mm    11,35 mm     2,82 mm  
  18,00 MeV   3,117E-02  1,447E-05  378,10 mm    12,19 mm     2,96 mm  
  20,00 MeV   2,881E-02  1,318E-05  444,84 mm    15,44 mm     3,26 mm  
  22,50 MeV   2,636E-02  1,186E-05  535,57 mm    20,09 mm     3,68 mm  
  25,00 MeV   2,418E-02  1,079E-05  634,60 mm    24,51 mm     4,15 mm  
  27,50 MeV   2,221E-02  9,910E-06  742,49 mm    28,90 mm     4,67 mm  
  30,00 MeV   2,073E-02  9,166E-06  859,01 mm    33,29 mm     5,24 mm  
  32,50 MeV   1,945E-02  8,530E-06  983,51 mm    37,68 mm     5,85 mm  
  35,00 MeV   1,833E-02  7,981E-06    1,12 m     42,10 mm     6,51 mm  
  37,50 MeV   1,734E-02  7,501E-06    1,26 m     46,56 mm     7,21 mm  
  40,00 MeV   1,646E-02  7,078E-06    1,40 m     51,08 mm     7,95 mm  
  45,00 MeV   1,496E-02  6,365E-06    1,72 m     68,17 mm     9,55 mm  
  50,00 MeV   1,373E-02  5,788E-06    2,07 m     84,20 mm    11,30 mm  
  55,00 MeV   1,270E-02  5,311E-06    2,45 m     99,84 mm    13,20 mm  
  60,00 MeV   1,183E-02  4,909E-06    2,86 m    115,37 mm    15,25 mm  
  65,00 MeV   1,108E-02  4,566E-06    3,29 m    130,94 mm    17,44 mm  
  70,00 MeV   1,042E-02  4,270E-06    3,76 m    146,63 mm    19,77 mm  
  80,00 MeV   9,329E-03  3,783E-06    4,77 m    205,31 mm    24,85 mm  
  90,00 MeV   8,460E-03  3,400E-06    5,90 m    259,98 mm    30,46 mm  
 100,00 MeV   7,750E-03  3,090E-06    7,14 m    313,38 mm    36,60 mm  
 110,00 MeV   7,158E-03  2,833E-06    8,48 m    366,61 mm    43,24 mm  
 120,00 MeV   6,657E-03  2,618E-06    9,93 m    420,18 mm    50,40 mm  
 130,00 MeV   6,226E-03  2,434E-06   11,48 m    474,35 mm    58,05 mm  
 140,00 MeV   5,852E-03  2,275E-06   13,14 m    529,29 mm    66,19 mm  
 150,00 MeV   5,524E-03  2,136E-06   14,90 m    585,06 mm    74,81 mm  
 160,00 MeV   5,233E-03  2,014E-06   16,76 m    641,73 mm    83,91 mm  
 170,00 MeV   4,974E-03  1,906E-06   18,71 m    699,31 mm    93,48 mm  
 180,00 MeV   4,742E-03  1,809E-06   20,77 m    757,80 mm   103,51 mm  
 200,00 MeV   4,342E-03  1,643E-06   25,18 m    981,94 mm   124,96 mm  
 225,00 MeV   3,934E-03  1,475E-06   31,23 m      1,30 m    154,30 mm  
 250,00 MeV   3,603E-03  1,339E-06   37,87 m      1,61 m    186,38 mm  
 275,00 MeV   3,327E-03  1,227E-06   45,09 m      1,91 m    221,14 mm  
 300,00 MeV   3,095E-03  1,133E-06   52,88 m      2,20 m    258,52 mm  
 325,00 MeV   2,896E-03  1,053E-06   61,24 m      2,50 m    298,47 mm  
 350,00 MeV   2,723E-03  9,837E-07   70,14 m      2,80 m    340,94 mm  
 375,00 MeV   2,572E-03  9,233E-07   79,58 m      3,10 m    385,88 mm  
 400,00 MeV   2,439E-03  8,701E-07   89,57 m      3,41 m    433,26 mm  
 450,00 MeV   2,213E-03  7,808E-07  111,09 m      4,57 m    535,16 mm  
 500,00 MeV   2,031E-03  7,087E-07  134,68 m      5,66 m    646,32 mm  
 550,00 MeV   1,879E-03  6,491E-07  160,27 m      6,73 m    766,44 mm  
 600,00 MeV   1,752E-03  5,991E-07  187,84 m      7,78 m    895,24 mm  
 650,00 MeV   1,642E-03  5,565E-07  217,32 m      8,83 m      1,03 m   
 700,00 MeV   1,548E-03  5,197E-07  248,68 m      9,88 m      1,18 m   
 800,00 MeV   1,393E-03  4,595E-07  316,80 m     13,81 m      1,49 m   
 900,00 MeV   1,270E-03  4,121E-07  392,00 m     17,44 m      1,84 m   
   1,00 GeV   1,171E-03  3,738E-07  474,01 m     20,95 m      2,21 m   
-----------------------------------------------------------
 Multiply Stopping by        for Stopping Units
 -------------------        ------------------
  1,0000E-01                 eV / Angstrom 
  1,0000E+00                keV / micron   
  1,0000E+00                MeV / mm       
  4,1188E+01                keV / (ug/cm2) 
  4,1188E+01                MeV / (mg/cm2) 
  4,1188E+04                keV / (mg/cm2) 
  2,7776E+02                 eV / (1E15 atoms/cm2)
  1,9702E+01                L.S.S. reduced units
 ==================================================================
 (C) 1984,1989,1992,1998,2008 by J.P. Biersack and J.F. Ziegler
