 ==================================================================
              SRIM version ---> SRIM-2013.00
              Calc. date   ---> Febreiro 03, 2024 
 ==================================================================

 Disk File Name = SRIM Outputs\H_in_900mb_butane.txt

 Ion = Hydrogen [1] , Mass = 1,008 amu

 Target Density =  2,4280E-04 g/cm3 = 3,6002E+19 atoms/cm3
 Target is a GAS 
 ======= Target  Composition ========
    Atom   Atom   Atomic    Mass     
    Name   Numb   Percent   Percent  
    ----   ----   -------   -------  
      H      1    019,23    010,45   
      C      6    007,69    049,82   
      H      1    073,08    039,73   
 ====================================
 Bragg Correction = -0,91%
 Stopping Units =  MeV / mm       
 See bottom of Table for other Stopping units 

        Ion        dE/dx      dE/dx     Projected  Longitudinal   Lateral
       Energy      Elec.      Nuclear     Range     Straggling   Straggling
  --------------  ---------- ---------- ----------  ----------  ----------
  10,00 keV   1,505E-02  1,153E-04  961,54 um   136,59 um   159,56 um  
  11,00 keV   1,570E-02  1,073E-04    1,02 mm   139,07 um   164,02 um  
  12,00 keV   1,631E-02  1,004E-04    1,08 mm   141,28 um   168,07 um  
  13,00 keV   1,689E-02  9,445E-05    1,14 mm   143,26 um   171,78 um  
  14,00 keV   1,742E-02  8,923E-05    1,20 mm   145,07 um   175,20 um  
  15,00 keV   1,793E-02  8,461E-05    1,26 mm   146,71 um   178,38 um  
  16,00 keV   1,841E-02  8,048E-05    1,31 mm   148,23 um   181,34 um  
  17,00 keV   1,886E-02  7,678E-05    1,36 mm   149,63 um   184,11 um  
  18,00 keV   1,928E-02  7,343E-05    1,41 mm   150,94 um   186,73 um  
  20,00 keV   2,006E-02  6,761E-05    1,51 mm   153,61 um   191,53 um  
  22,50 keV   2,092E-02  6,161E-05    1,63 mm   156,73 um   196,89 um  
  25,00 keV   2,167E-02  5,667E-05    1,75 mm   159,49 um   201,69 um  
  27,50 keV   2,231E-02  5,252E-05    1,86 mm   161,96 um   206,04 um  
  30,00 keV   2,287E-02  4,898E-05    1,97 mm   164,21 um   210,04 um  
  32,50 keV   2,335E-02  4,593E-05    2,08 mm   166,28 um   213,74 um  
  35,00 keV   2,376E-02  4,326E-05    2,18 mm   168,21 um   217,20 um  
  37,50 keV   2,411E-02  4,091E-05    2,29 mm   170,02 um   220,46 um  
  40,00 keV   2,440E-02  3,882E-05    2,39 mm   171,74 um   223,54 um  
  45,00 keV   2,482E-02  3,527E-05    2,59 mm   176,07 um   229,28 um  
  50,00 keV   2,508E-02  3,235E-05    2,79 mm   180,08 um   234,58 um  
  55,00 keV   2,520E-02  2,991E-05    2,99 mm   183,88 um   239,55 um  
  60,00 keV   2,521E-02  2,784E-05    3,18 mm   187,51 um   244,26 um  
  65,00 keV   2,513E-02  2,606E-05    3,38 mm   191,02 um   248,77 um  
  70,00 keV   2,497E-02  2,450E-05    3,58 mm   194,45 um   253,13 um  
  80,00 keV   2,448E-02  2,192E-05    3,98 mm   205,13 um   261,54 um  
  90,00 keV   2,385E-02  1,987E-05    4,40 mm   215,62 um   269,69 um  
 100,00 keV   2,312E-02  1,818E-05    4,82 mm   226,07 um   277,74 um  
 110,00 keV   2,236E-02  1,678E-05    5,26 mm   236,63 um   285,78 um  
 120,00 keV   2,158E-02  1,559E-05    5,71 mm   247,35 um   293,91 um  
 130,00 keV   2,081E-02  1,457E-05    6,18 mm   258,32 um   302,16 um  
 140,00 keV   2,007E-02  1,368E-05    6,67 mm   269,56 um   310,61 um  
 150,00 keV   1,935E-02  1,291E-05    7,18 mm   281,10 um   319,27 um  
 160,00 keV   1,867E-02  1,222E-05    7,70 mm   292,97 um   328,20 um  
 170,00 keV   1,802E-02  1,160E-05    8,25 mm   305,17 um   337,40 um  
 180,00 keV   1,741E-02  1,105E-05    8,81 mm   317,71 um   346,91 um  
 200,00 keV   1,629E-02  1,010E-05   10,00 mm   363,62 um   366,92 um  
 225,00 keV   1,507E-02  9,125E-06   11,59 mm   433,02 um   393,91 um  
 250,00 keV   1,403E-02  8,334E-06   13,31 mm   501,73 um   423,23 um  
 275,00 keV   1,312E-02  7,677E-06   15,15 mm   570,60 um   454,94 um  
 300,00 keV   1,234E-02  7,121E-06   17,11 mm   640,06 um   489,09 um  
 325,00 keV   1,165E-02  6,644E-06   19,19 mm   710,33 um   525,67 um  
 350,00 keV   1,104E-02  6,231E-06   21,39 mm   781,54 um   564,66 um  
 375,00 keV   1,050E-02  5,868E-06   23,71 mm   853,74 um   606,02 um  
 400,00 keV   1,002E-02  5,548E-06   26,14 mm   926,98 um   649,72 um  
 450,00 keV   9,196E-03  5,007E-06   31,35 mm     1,20 mm   743,93 um  
 500,00 keV   8,512E-03  4,567E-06   36,99 mm     1,45 mm   846,89 um  
 550,00 keV   7,937E-03  4,202E-06   43,07 mm     1,70 mm   958,22 um  
 600,00 keV   7,444E-03  3,893E-06   49,57 mm     1,94 mm     1,08 mm  
 650,00 keV   7,017E-03  3,629E-06   56,48 mm     2,19 mm     1,20 mm  
 700,00 keV   6,642E-03  3,401E-06   63,80 mm     2,44 mm     1,34 mm  
 800,00 keV   6,014E-03  3,024E-06   79,60 mm     3,33 mm     1,63 mm  
 900,00 keV   5,507E-03  2,725E-06   96,97 mm     4,17 mm     1,95 mm  
   1,00 MeV   5,086E-03  2,483E-06  115,85 mm     4,98 mm     2,29 mm  
   1,10 MeV   4,740E-03  2,282E-06  136,20 mm     5,78 mm     2,66 mm  
   1,20 MeV   4,398E-03  2,113E-06  158,09 mm     6,59 mm     3,06 mm  
   1,30 MeV   4,127E-03  1,968E-06  181,54 mm     7,42 mm     3,48 mm  
   1,40 MeV   3,895E-03  1,843E-06  206,46 mm     8,25 mm     3,93 mm  
   1,50 MeV   3,690E-03  1,733E-06  232,81 mm     9,09 mm     4,41 mm  
   1,60 MeV   3,508E-03  1,636E-06  260,59 mm     9,95 mm     4,90 mm  
   1,70 MeV   3,344E-03  1,550E-06  289,76 mm    10,82 mm     5,43 mm  
   1,80 MeV   3,197E-03  1,473E-06  320,31 mm    11,70 mm     5,97 mm  
   2,00 MeV   2,942E-03  1,341E-06  385,49 mm    14,99 mm     7,13 mm  
   2,25 MeV   2,680E-03  1,207E-06  474,47 mm    19,69 mm     8,71 mm  
   2,50 MeV   2,464E-03  1,098E-06  571,69 mm    24,13 mm    10,42 mm  
   2,75 MeV   2,284E-03  1,009E-06  677,00 mm    28,49 mm    12,27 mm  
   3,00 MeV   2,130E-03  9,328E-07  790,27 mm    32,82 mm    14,25 mm  
   3,25 MeV   1,997E-03  8,681E-07  911,41 mm    37,18 mm    16,36 mm  
   3,50 MeV   1,881E-03  8,122E-07    1,04 m     41,57 mm    18,60 mm  
   3,75 MeV   1,779E-03  7,633E-07    1,18 m     46,01 mm    20,96 mm  
   4,00 MeV   1,688E-03  7,202E-07    1,32 m     50,51 mm    23,45 mm  
   4,50 MeV   1,533E-03  6,477E-07    1,63 m     67,29 mm    28,79 mm  
   5,00 MeV   1,407E-03  5,890E-07    1,97 m     83,09 mm    34,62 mm  
   5,50 MeV   1,301E-03  5,404E-07    2,34 m     98,55 mm    40,92 mm  
   6,00 MeV   1,211E-03  4,995E-07    2,74 m    113,92 mm    47,69 mm  
   6,50 MeV   1,134E-03  4,646E-07    3,17 m    129,36 mm    54,91 mm  
   7,00 MeV   1,066E-03  4,345E-07    3,62 m    144,95 mm    62,59 mm  
   8,00 MeV   9,547E-04  3,849E-07    4,61 m    202,52 mm    79,27 mm  
   9,00 MeV   8,657E-04  3,459E-07    5,71 m    256,32 mm    97,70 mm  
  10,00 MeV   7,931E-04  3,143E-07    6,92 m    308,97 mm   117,84 mm  
  11,00 MeV   7,325E-04  2,882E-07    8,23 m    361,54 mm   139,65 mm  
  12,00 MeV   6,813E-04  2,663E-07    9,64 m    414,50 mm   163,11 mm  
  13,00 MeV   6,372E-04  2,476E-07   11,16 m    468,13 mm   188,18 mm  
  14,00 MeV   5,990E-04  2,314E-07   12,78 m    522,57 mm   214,85 mm  
  15,00 MeV   5,655E-04  2,173E-07   14,49 m    577,91 mm   243,09 mm  
  16,00 MeV   5,358E-04  2,049E-07   16,31 m    634,17 mm   272,87 mm  
  17,00 MeV   5,093E-04  1,938E-07   18,22 m    691,39 mm   304,19 mm  
  18,00 MeV   4,856E-04  1,840E-07   20,23 m    749,57 mm   337,01 mm  
  20,00 MeV   4,447E-04  1,671E-07   24,53 m    969,29 mm   407,16 mm  
  22,50 MeV   4,031E-04  1,500E-07   30,44 m      1,28 m    503,04 mm  
  25,00 MeV   3,693E-04  1,362E-07   36,91 m      1,58 m    607,83 mm  
  27,50 MeV   3,412E-04  1,248E-07   43,95 m      1,88 m    721,30 mm  
  30,00 MeV   3,174E-04  1,152E-07   51,55 m      2,17 m    843,26 mm  
  32,50 MeV   2,971E-04  1,071E-07   59,68 m      2,46 m    973,53 mm  
  35,00 MeV   2,795E-04  1,000E-07   68,36 m      2,76 m      1,11 m   
  37,50 MeV   2,640E-04  9,390E-08   77,56 m      3,06 m      1,26 m   
  40,00 MeV   2,504E-04  8,849E-08   87,27 m      3,36 m      1,41 m   
  45,00 MeV   2,274E-04  7,941E-08  108,22 m      4,49 m      1,74 m   
  50,00 MeV   2,088E-04  7,207E-08  131,15 m      5,56 m      2,11 m   
  55,00 MeV   1,933E-04  6,601E-08  156,03 m      6,60 m      2,49 m   
  60,00 MeV   1,803E-04  6,092E-08  182,80 m      7,62 m      2,91 m   
  65,00 MeV   1,692E-04  5,659E-08  211,42 m      8,65 m      3,36 m   
  70,00 MeV   1,595E-04  5,285E-08  241,85 m      9,69 m      3,83 m   
  80,00 MeV   1,437E-04  4,672E-08  307,88 m     13,50 m      4,84 m   
  90,00 MeV   1,312E-04  4,190E-08  380,70 m     17,02 m      5,96 m   
 100,00 MeV   1,211E-04  3,801E-08  460,03 m     20,43 m      7,16 m   
 110,00 MeV   1,127E-04  3,480E-08  545,61 m     23,80 m      8,45 m   
 120,00 MeV   1,057E-04  3,211E-08  637,20 m     27,15 m      9,82 m   
 130,00 MeV   9,969E-05  2,982E-08  734,59 m     30,50 m     11,27 m   
 140,00 MeV   9,451E-05  2,784E-08  837,57 m     33,86 m     12,79 m   
 150,00 MeV   9,001E-05  2,611E-08  945,95 m     37,24 m     14,38 m   
 160,00 MeV   8,604E-05  2,460E-08    1,06 km    40,63 m     16,03 m   
 170,00 MeV   8,253E-05  2,325E-08    1,18 km    44,03 m     17,75 m   
 180,00 MeV   7,939E-05  2,205E-08    1,30 km    47,45 m     19,53 m   
 200,00 MeV   7,403E-05  2,000E-08    1,56 km    60,25 m     23,26 m   
 225,00 MeV   6,864E-05  1,792E-08    1,91 km    78,21 m     28,22 m   
 250,00 MeV   6,431E-05  1,625E-08    2,29 km    94,77 m     33,46 m   
 275,00 MeV   6,076E-05  1,487E-08    2,69 km   110,55 m     38,96 m   
 300,00 MeV   5,779E-05  1,372E-08    3,11 km   125,82 m     44,69 m   
 325,00 MeV   5,528E-05  1,273E-08    3,55 km   140,71 m     50,62 m   
 350,00 MeV   5,313E-05  1,188E-08    4,01 km   155,31 m     56,72 m   
 375,00 MeV   5,127E-05  1,114E-08    4,49 km   169,66 m     62,99 m   
 400,00 MeV   4,965E-05  1,049E-08    4,99 km   183,80 m     69,40 m   
 450,00 MeV   4,696E-05  9,401E-09    6,02 km   235,42 m     82,57 m   
 500,00 MeV   4,483E-05  8,521E-09    7,11 km   281,78 m     96,13 m   
 550,00 MeV   4,310E-05  7,796E-09    8,25 km   324,87 m    109,98 m   
 600,00 MeV   4,169E-05  7,187E-09    9,43 km   365,61 m    124,04 m   
 650,00 MeV   4,051E-05  6,670E-09   10,65 km   404,49 m    138,26 m   
 700,00 MeV   3,952E-05  6,224E-09   11,90 km   441,83 m    152,59 m   
 800,00 MeV   3,796E-05  5,493E-09   14,48 km   573,88 m    181,39 m   
 900,00 MeV   3,680E-05  4,920E-09   17,15 km   688,08 m    210,19 m   
   1,00 GeV   3,592E-05  4,458E-09   19,90 km   791,07 m    238,81 m   
-----------------------------------------------------------
 Multiply Stopping by        for Stopping Units
 -------------------        ------------------
  1,0000E-01                 eV / Angstrom 
  1,0000E+00                keV / micron   
  1,0000E+00                MeV / mm       
  4,1188E+01                keV / (ug/cm2) 
  4,1188E+01                MeV / (mg/cm2) 
  4,1188E+04                keV / (mg/cm2) 
  2,7776E+02                 eV / (1E15 atoms/cm2)
  1,7854E+02                L.S.S. reduced units
 ==================================================================
 (C) 1984,1989,1992,1998,2008 by J.P. Biersack and J.F. Ziegler
