0 0.0001
1 0.0218749
2 0.0433159
3 0.0639025
4 0.0832292
5 0.100943
6 0.116717
7 0.130308
8 0.141506
9 0.150197
10 0.156332
11 0.159955
12 0.161143
13 0.160105
14 0.157046
15 0.152252
16 0.146065
17 0.13879
18 0.130779
19 0.122352
20 0.113817
21 0.105438
22 0.0974202
23 0.0899584
24 0.0831479
25 0.077072
26 0.0717429
27 0.0671498
28 0.06324
29 0.0599442
30 0.0571781
31 0.0548443
32 0.0528529
33 0.0511163
34 0.0495608
35 0.0481193
36 0.0467403
37 0.0454031
38 0.0440731
39 0.0427466
40 0.0414242
41 0.0401134
42 0.0388237
43 0.0375749
44 0.0363722
45 0.0352312
46 0.0341584
47 0.0331608
48 0.0322328
49 0.0313767
50 0.030576
51 0.0298196
52 0.0290973
53 0.0283838
54 0.0276694
55 0.0269325
56 0.0261601
57 0.0253405
58 0.0244633
59 0.0235263
60 0.0225237
61 0.0214597
62 0.0203403
63 0.0191719
64 0.0179681
65 0.0167403
66 0.0155045
67 0.0142753
68 0.0130668
69 0.0118949
70 0.0107713
71 0.00970921
72 0.00871796
73 0.00780529
74 0.00697802
75 0.00624079
76 0.00559532
77 0.00504254
78 0.004582
79 0.0042117
80 0.00392789
81 0.00372799
82 0.00360619
83 0.00355808
84 0.00357816
85 0.0036605
86 0.00380006
87 0.00399035
88 0.00422566
89 0.00450029
90 0.0048087
91 0.0051446
92 0.00550257
93 0.00587687
94 0.00626213
95 0.00665323
96 0.00704372
97 0.00742965
98 0.00780604
99 0.00816831
100 0.00851159
101 0.00883321
102 0.00912887
103 0.00939483
104 0.00962994
105 0.00983144
106 0.00999726
107 0.0101279
108 0.0102215
109 0.0102785
110 0.010301
111 0.0102884
112 0.0102432
113 0.0101676
114 0.0100637
115 0.00993502
116 0.00978501
117 0.00961665
118 0.0094344
119 0.00924177
120 0.0090442
121 0.0088442
122 0.00864748
123 0.00845738
124 0.00827845
125 0.00811499
126 0.00797084
127 0.00784814
128 0.00775257
129 0.00768558
130 0.0076499
131 0.00764858
132 0.00768205
133 0.00775324
134 0.00786183
135 0.00800905
136 0.0081944
137 0.00841734
138 0.00867675
139 0.00897028
140 0.00929667
141 0.00965245
142 0.0100349
143 0.0104401
144 0.0108627
145 0.0113002
146 0.0117464
147 0.0121947
148 0.0126429
149 0.0130831
150 0.0135068
151 0.0139139
152 0.0142908
153 0.0146373
154 0.0149445
155 0.0152067
156 0.0154186
157 0.0155754
158 0.0156704
159 0.0157009
160 0.0156602
161 0.0155473
162 0.0153585
163 0.015092
164 0.0147439
165 0.0143161
166 0.0138073
167 0.0132187
168 0.0125529
169 0.0118089
170 0.0109937
171 0.010109
172 0.00915967
173 0.00815201
174 0.00709087
175 0.00598286
176 0.00483499
177 0.00365519
178 0.0024505
179 0.00122934
180 0.0001
