0.010000 0.004790 0.005089 0.818880 0.187300 0.149750
0.011000 0.005024 0.004835 0.911030 0.203560 0.165220
0.012000 0.005247 0.004608 1.000000 0.219280 0.180560
0.013000 0.005462 0.004406 1.100000 0.234490 0.195760
0.014000 0.005668 0.004223 1.190000 0.249200 0.210780
0.015000 0.005867 0.004057 1.280000 0.263420 0.225600
0.016000 0.006059 0.003906 1.370000 0.277180 0.240220
0.017000 0.006246 0.003768 1.470000 0.290500 0.254620
0.018000 0.006427 0.003640 1.560000 0.303390 0.268800
0.020000 0.006774 0.003413 1.740000 0.328350 0.296510
0.022500 0.007188 0.003172 1.970000 0.357620 0.329850
0.025000 0.007595 0.002966 2.190000 0.384650 0.361760
0.027500 0.007988 0.002790 2.410000 0.409650 0.392260
0.030000 0.008368 0.002635 2.630000 0.432850 0.421380
0.032500 0.008737 0.002499 2.840000 0.454430 0.449200
0.035000 0.009096 0.002378 3.050000 0.474540 0.475780
0.037500 0.009447 0.002270 3.260000 0.493340 0.501180
0.040000 0.009790 0.002173 3.460000 0.510940 0.525470
0.045000 0.010460 0.002003 3.850000 0.544200 0.571000
0.050000 0.011100 0.001862 4.230000 0.573640 0.612820
0.055000 0.011730 0.001741 4.590000 0.599890 0.651350
0.060000 0.012330 0.001636 4.940000 0.623430 0.686960
0.065000 0.012930 0.001545 5.280000 0.644680 0.719980
0.070000 0.013510 0.001464 5.610000 0.663950 0.750670
0.080000 0.014650 0.001328 6.240000 0.700190 0.806010
0.090000 0.015750 0.001217 6.830000 0.730680 0.854570
0.100000 0.016810 0.001126 7.390000 0.756710 0.897550
0.110000 0.017850 0.001048 7.920000 0.779210 0.935890
0.120000 0.018870 0.000981 8.430000 0.798870 0.970330
0.130000 0.019860 0.000923 8.910000 0.816200 1.000000
0.140000 0.020830 0.000872 9.380000 0.831590 1.030000
0.150000 0.021790 0.000827 9.820000 0.845370 1.060000
0.160000 0.022720 0.000787 10.250000 0.857770 1.080000
0.170000 0.023640 0.000751 10.660000 0.869000 1.100000
0.180000 0.024550 0.000718 11.060000 0.879220 1.120000
0.200000 0.026330 0.000661 11.820000 0.900240 1.160000
0.225000 0.028500 0.000603 12.700000 0.923760 1.200000
0.250000 0.030650 0.000555 13.520000 0.943290 1.230000
0.275000 0.032760 0.000514 14.290000 0.959780 1.260000
0.300000 0.034860 0.000480 15.010000 0.973880 1.280000
0.325000 0.036950 0.000450 15.700000 0.986070 1.300000
0.350000 0.039010 0.000424 16.340000 0.996720 1.320000
0.375000 0.041040 0.000401 16.960000 1.010000 1.340000
0.400000 0.043050 0.000380 17.540000 1.010000 1.360000
0.450000 0.046980 0.000345 18.640000 1.030000 1.380000
0.500000 0.050740 0.000317 19.650000 1.050000 1.410000
0.550000 0.054330 0.000293 20.600000 1.060000 1.430000
0.600000 0.057730 0.000273 21.480000 1.080000 1.440000
0.650000 0.060920 0.000255 22.320000 1.090000 1.460000
0.700000 0.063900 0.000240 23.110000 1.100000 1.470000
0.800000 0.069210 0.000215 24.610000 1.120000 1.490000
0.900000 0.073670 0.000195 26.000000 1.140000 1.510000
1.000000 0.077360 0.000178 27.320000 1.160000 1.520000
1.100000 0.080350 0.000165 28.580000 1.180000 1.540000
1.200000 0.082740 0.000153 29.810000 1.190000 1.550000
1.300000 0.084630 0.000143 31.000000 1.210000 1.560000
1.400000 0.086080 0.000134 32.160000 1.220000 1.570000
1.500000 0.087180 0.000127 33.320000 1.230000 1.580000
1.600000 0.087980 0.000120 34.460000 1.250000 1.580000
1.700000 0.088530 0.000114 35.590000 1.260000 1.590000
1.800000 0.088870 0.000108 36.710000 1.270000 1.600000
2.000000 0.089040 0.000099 38.960000 1.310000 1.610000
2.250000 0.088560 0.000090 41.770000 1.370000 1.630000
2.500000 0.087540 0.000082 44.600000 1.430000 1.640000
2.750000 0.086180 0.000075 47.480000 1.490000 1.660000
3.000000 0.084590 0.000070 50.400000 1.550000 1.670000
3.250000 0.082870 0.000065 53.390000 1.610000 1.680000
3.500000 0.081070 0.000061 56.430000 1.670000 1.690000
3.750000 0.079230 0.000058 59.550000 1.730000 1.710000
4.000000 0.077400 0.000054 62.740000 1.790000 1.720000
4.500000 0.073800 0.000049 69.350000 2.020000 1.740000
5.000000 0.070370 0.000045 76.290000 2.250000 1.770000
5.500000 0.067170 0.000041 83.560000 2.480000 1.790000
6.000000 0.064190 0.000038 91.170000 2.710000 1.820000
6.500000 0.061440 0.000036 99.130000 2.930000 1.850000
7.000000 0.058900 0.000033 107.430000 3.160000 1.880000
8.000000 0.054380 0.000030 125.100000 4.040000 1.940000
9.000000 0.050510 0.000027 144.180000 4.860000 2.010000
10.000000 0.047170 0.000024 164.660000 5.670000 2.080000
11.000000 0.044260 0.000022 186.540000 6.460000 2.160000
12.000000 0.041700 0.000021 209.820000 7.260000 2.250000
13.000000 0.039440 0.000019 234.470000 8.060000 2.350000
14.000000 0.037420 0.000018 260.490000 8.870000 2.460000
15.000000 0.035620 0.000017 287.880000 9.680000 2.570000
16.000000 0.033990 0.000016 316.610000 10.510000 2.690000
17.000000 0.032510 0.000015 346.690000 11.350000 2.820000
18.000000 0.031170 0.000014 378.100000 12.190000 2.960000
20.000000 0.028810 0.000013 444.840000 15.440000 3.260000
22.500000 0.026360 0.000012 535.570000 20.090000 3.680000
25.000000 0.024180 0.000011 634.600000 24.510000 4.150000
27.500000 0.022210 0.000010 742.490000 28.900000 4.670000
30.000000 0.020730 0.000009 859.010000 33.290000 5.240000
32.500000 0.019450 0.000009 983.510000 37.680000 5.850000
35.000000 0.018330 0.000008 1120.000000 42.100000 6.510000
37.500000 0.017340 0.000008 1260.000000 46.560000 7.210000
40.000000 0.016460 0.000007 1400.000000 51.080000 7.950000
45.000000 0.014960 0.000006 1720.000000 68.170000 9.550000
50.000000 0.013730 0.000006 2070.000000 84.200000 11.300000
55.000000 0.012700 0.000005 2450.000000 99.840000 13.200000
60.000000 0.011830 0.000005 2860.000000 115.370000 15.250000
65.000000 0.011080 0.000005 3290.000000 130.940000 17.440000
70.000000 0.010420 0.000004 3760.000000 146.630000 19.770000
80.000000 0.009329 0.000004 4770.000000 205.310000 24.850000
90.000000 0.008460 0.000003 5900.000000 259.980000 30.460000
100.000000 0.007750 0.000003 7140.000000 313.380000 36.600000
110.000000 0.007158 0.000003 8480.000000 366.610000 43.240000
120.000000 0.006657 0.000003 9930.000000 420.180000 50.400000
130.000000 0.006226 0.000002 11480.000000 474.350000 58.050000
140.000000 0.005852 0.000002 13140.000000 529.290000 66.190000
150.000000 0.005524 0.000002 14900.000000 585.060000 74.810000
160.000000 0.005233 0.000002 16760.000000 641.730000 83.910000
170.000000 0.004974 0.000002 18710.000000 699.310000 93.480000
180.000000 0.004742 0.000002 20770.000000 757.800000 103.510000
200.000000 0.004342 0.000002 25180.000000 981.940000 124.960000
225.000000 0.003934 0.000001 31230.000000 1300.000000 154.300000
250.000000 0.003603 0.000001 37870.000000 1610.000000 186.380000
275.000000 0.003327 0.000001 45090.000000 1910.000000 221.140000
300.000000 0.003095 0.000001 52880.000000 2200.000000 258.520000
325.000000 0.002896 0.000001 61240.000000 2500.000000 298.470000
350.000000 0.002723 0.000001 70140.000000 2800.000000 340.940000
375.000000 0.002572 0.000001 79580.000000 3100.000000 385.880000
400.000000 0.002439 0.000001 89570.000000 3410.000000 433.260000
450.000000 0.002213 0.000001 111090.000000 4570.000000 535.160000
500.000000 0.002031 0.000001 134680.000000 5660.000000 646.320000
550.000000 0.001879 0.000001 160270.000000 6730.000000 766.440000
600.000000 0.001752 0.000001 187840.000000 7780.000000 895.240000
650.000000 0.001642 0.000001 217320.000000 8830.000000 1030.000000
700.000000 0.001548 0.000001 248680.000000 9880.000000 1180.000000
800.000000 0.001393 0.000000 316800.000000 13810.000000 1490.000000
900.000000 0.001270 0.000000 392000.000000 17440.000000 1840.000000
1000.000000 0.001171 0.000000 474010.000000 20950.000000 2210.000000
